1.165315043181180954e-02
-2.939903922379016876e-02
1.068262010812759399e-01
4.374637007713317871e-01
5.313491821289062500e-01
1.365278959274291992e-01
1.041216015815734863e+00
-2.697958946228027344e-01
2.377977035939693451e-02
1.310908980667591095e-02
-3.972867131233215332e-02
1.524548977613449097e-01
4.682641029357910156e-01
7.210685014724731445e-01
9.762238711118698120e-02
1.041803002357482910e+00
-2.800250053405761719e-01
7.629270851612091064e-02
1.126885041594505310e-02
-5.240586027503013611e-02
2.168461978435516357e-01
4.982573986053466797e-01
5.203284025192260742e-01
8.355578035116195679e-02
1.039085984230041504e+00
-2.926630973815917969e-01
1.474754065275192261e-01
2.783072926104068756e-02
-5.210623145103454590e-02
2.025811970233917236e-01
4.793956875801086426e-01
3.726252019405364990e-01
2.286100946366786957e-02
1.054767966270446777e+00
-2.923837006092071533e-01
1.399060934782028198e-01
2.318349899724125862e-03
-4.547036066651344299e-02
1.760102063417434692e-01
3.898935019969940186e-01
4.145413935184478760e-01
-2.593917027115821838e-02
1.028375983238220215e+00
-2.858256995677947998e-01
1.199340969324111938e-01
-1.896549947559833527e-02
-3.776361048221588135e-02
1.837697029113769531e-01
3.066509962081909180e-01
3.333278894424438477e-01
-2.714204043149948120e-02
1.006216049194335938e+00
-2.782526016235351562e-01
1.341948062181472778e-01
-6.192022934556007385e-02
-1.804734952747821808e-02
1.765363961458206177e-01
2.949760854244232178e-01
2.788276076316833496e-01
-3.679260984063148499e-02
9.623904824256896973e-01
-2.587232887744903564e-01
1.333636045455932617e-01
-9.424813091754913330e-02
-8.505301550030708313e-03
1.793600022792816162e-01
3.061180114746093750e-01
2.705811858177185059e-01
-3.247727081179618835e-02
9.291961789131164551e-01
-2.494186013936996460e-01
1.424890011548995972e-01
-7.953420281410217285e-02
-2.178389020264148712e-02
1.916007995605468750e-01
2.626599073410034180e-01
7.101754099130630493e-02
6.943194195628166199e-03
9.430466890335083008e-01
-2.629814147949218750e-01
1.609306931495666504e-01
-7.008375972509384155e-02
-2.136524952948093414e-02
1.662465929985046387e-01
2.567748129367828369e-01
4.640129860490560532e-03
4.659001156687736511e-02
9.516348242759704590e-01
-2.628906965255737305e-01
1.416763067245483398e-01
-1.915247924625873566e-02
-1.555204018950462341e-02
1.411204040050506592e-01
2.744126915931701660e-01
1.060447990894317627e-01
3.184260055422782898e-02
1.001703023910522461e+00
-2.574459910392761230e-01
1.225484982132911682e-01
-2.266895025968551636e-03
-2.652853913605213165e-02
1.388183981180191040e-01
2.667737007141113281e-01
8.783897012472152710e-02
1.757197082042694092e-02
1.017725944519042969e+00
-2.688286006450653076e-01
1.261422932147979736e-01
-3.011146932840347290e-02
-3.805286064743995667e-02
1.461676955223083496e-01
3.088986873626708984e-01
7.126049697399139404e-02
2.412389963865280151e-02
9.890199899673461914e-01
-2.807939946651458740e-01
1.392838060855865479e-01
-1.191025972366333008e-02
-4.917751997709274292e-02
1.604292988777160645e-01
2.979181110858917236e-01
5.665196850895881653e-02
6.829111836850643158e-03
1.006361961364746094e+00
-2.923927009105682373e-01
1.592328995466232300e-01
-1.554211042821407318e-02
-4.124855995178222656e-02
1.558678001165390015e-01
2.596235871315002441e-01
3.202386945486068726e-02
1.210847962647676468e-02
1.001875042915344238e+00
-2.849690020084381104e-01
1.602541953325271606e-01
-1.666617020964622498e-02
-1.372865028679370880e-02
1.424971967935562134e-01
2.797574996948242188e-01
5.031529068946838379e-02
2.212676033377647400e-02
9.999005794525146484e-01
-2.579841911792755127e-01
1.523618996143341064e-01
-6.630279123783111572e-03
-9.588212706148624420e-03
1.363109052181243896e-01
2.423332929611206055e-01
3.773796185851097107e-02
6.270946934819221497e-03
1.009093046188354492e+00
-2.544063925743103027e-01
1.515498012304306030e-01
-2.348092943429946899e-02
-1.643027924001216888e-02
1.224818974733352661e-01
2.168062031269073486e-01
4.325963929295539856e-02
9.271642193198204041e-03
9.914053082466125488e-01
-2.618359923362731934e-01
1.429909020662307739e-01
-1.762758940458297729e-02
-1.281184982508420944e-02
1.148620024323463440e-01
2.278784960508346558e-01
5.221670866012573242e-02
2.871898002922534943e-02
9.964305162429809570e-01
-2.588272094726562500e-01
1.405366957187652588e-01
-2.115016989409923553e-02
-8.534865453839302063e-03
1.164285019040107727e-01
2.113967984914779663e-01
4.056013002991676331e-02
2.864433079957962036e-02
9.920887947082519531e-01
-2.551794052124023438e-01
1.471643000841140747e-01
-3.265906870365142822e-02
-5.879700183868408203e-03
1.127794012427330017e-01
2.230077981948852539e-01
1.912390999495983124e-02
1.517529040575027466e-02
9.797703027725219727e-01
-2.531704008579254150e-01
1.484712958335876465e-01
-2.247840911149978638e-02
-1.539461966603994370e-02
1.070057973265647888e-01
2.266763001680374146e-01
-1.984821073710918427e-02
1.349414978176355362e-02
9.891511201858520508e-01
-2.633458077907562256e-01
1.475488990545272827e-01
-1.019688975065946579e-02
-2.188342064619064331e-02
9.460531920194625854e-02
2.237378060817718506e-01
1.479214988648891449e-02
1.558212004601955414e-02
1.000643014907836914e+00
-2.705073058605194092e-01
1.398946046829223633e-01
-3.119691042229533195e-03
-3.203237894922494888e-03
8.558350801467895508e-02
2.256477028131484985e-01
4.843876138329505920e-02
2.179959975183010101e-02
1.006940960884094238e+00
-2.525100111961364746e-01
1.355136036872863770e-01
-1.649582013487815857e-02
1.065353956073522568e-02
9.439536184072494507e-02
2.181235998868942261e-01
-3.734959056600928307e-03
1.438722014427185059e-02
9.927964806556701660e-01
-2.393441945314407349e-01
1.488607972860336304e-01
-2.044188044965267181e-02
-7.521112915128469467e-03
9.782159328460693359e-02
2.338933050632476807e-01
-5.846295133233070374e-02
-1.185925956815481186e-02
9.880946278572082520e-01
-2.582156062126159668e-01
1.567168980836868286e-01
-2.756761945784091949e-02
-2.419104985892772675e-02
8.823093026876449585e-02
2.415336072444915771e-01
-1.245689988136291504e-01
-5.912806838750839233e-03
9.802253842353820801e-01
-2.755857110023498535e-01
1.514509022235870361e-01
-5.503249913454055786e-02
-7.171669974923133850e-03
8.069507032632827759e-02
2.255285978317260742e-01
-2.270818054676055908e-01
5.430100858211517334e-02
9.520292282104492188e-01
-2.592684030532836914e-01
1.481350958347320557e-01
-5.747970938682556152e-02
7.895103655755519867e-03
6.832703948020935059e-02
1.691996008157730103e-01
-2.882649004459381104e-01
1.392022073268890381e-01
9.488617777824401855e-01
-2.449041008949279785e-01
1.398829072713851929e-01
-4.709599167108535767e-02
8.796380832791328430e-03
4.933176934719085693e-02
1.132427975535392761e-01
-2.132772058248519897e-01
1.554463058710098267e-01
9.585348963737487793e-01
-2.447039037942886353e-01
1.248992010951042175e-01
-2.836168929934501648e-02
1.416287012398242950e-02
3.951368853449821472e-02
9.224943071603775024e-02
-7.329747825860977173e-02
1.156795024871826172e-01
9.765669703483581543e-01
-2.400348931550979614e-01
1.189882010221481323e-01
-1.718489080667495728e-02
-2.967369975522160530e-03
4.721200838685035706e-02
4.837055876851081848e-02
-2.959761954843997955e-02
9.634122252464294434e-02
9.870492219924926758e-01
-2.578569054603576660e-01
1.304883956909179688e-01
-7.375886198133230209e-03
-2.636796049773693085e-02
5.130042135715484619e-02
5.725840106606483459e-02
-5.468045920133590698e-02
6.159133836627006531e-02
9.961714744567871094e-01
-2.819420099258422852e-01
1.382731050252914429e-01
2.477877028286457062e-02
-2.129044011235237122e-02
3.086796030402183533e-02
1.158533021807670593e-01
-5.025557056069374084e-02
5.947269126772880554e-02
1.027647972106933594e+00
-2.775408029556274414e-01
1.214310973882675171e-01
2.392934076488018036e-02
-2.070556953549385071e-02
1.393061969429254532e-02
1.873646974563598633e-01
-5.992300808429718018e-03
6.809691339731216431e-02
1.026131033897399902e+00
-2.776241004467010498e-01
1.079785004258155823e-01
2.124837040901184082e-02
-3.056498058140277863e-02
1.978030055761337280e-02
3.286578059196472168e-01
2.525145933032035828e-02
1.359448954463005066e-02
1.022794008255004883e+00
-2.881433963775634766e-01
1.172064021229743958e-01
9.699963033199310303e-03
-2.241857908666133881e-02
2.258184924721717834e-02
3.727191090583801270e-01
-6.523945834487676620e-03
1.152480021119117737e-02
1.010604977607727051e+00
-2.806487083435058594e-01
1.232793033123016357e-01
-3.511890023946762085e-02
-8.933939971029758453e-03
1.571501977741718292e-02
2.904908955097198486e-01
-5.991312861442565918e-02
4.611454904079437256e-02
9.651603102684020996e-01
-2.678075134754180908e-01
1.195766031742095947e-01
-1.073325984179973602e-02
-2.858251100406050682e-03
1.400838978588581085e-02
2.511458992958068848e-01
-6.363136321306228638e-02
4.803892970085144043e-02
9.889361262321472168e-01
-2.623667120933532715e-01
1.209271997213363647e-01
2.367232926189899445e-02
5.164954811334609985e-03
1.280083041638135910e-02
2.008658051490783691e-01
4.070774093270301819e-02
5.084294080734252930e-02
1.022747039794921875e+00
-2.549690902233123779e-01
1.226698979735374451e-01
1.492950040847063065e-02
6.896072067320346832e-03
8.755588904023170471e-03
1.324968934059143066e-01
1.775017976760864258e-01
3.866117075085639954e-02
1.013427019119262695e+00
-2.538532912731170654e-01
1.214684993028640747e-01
2.190620079636573792e-02
1.812495989724993706e-03
7.931521162390708923e-03
1.306114941835403442e-01
1.417253017425537109e-01
3.896182030439376831e-02
1.019842982292175293e+00
-2.595404982566833496e-01
1.233823001384735107e-01
5.084407981485128403e-03
-3.700160887092351913e-03
7.130018901079893112e-03
1.392855942249298096e-01
1.904346048831939697e-02
3.985048830509185791e-02
1.002478957176208496e+00
-2.656444013118743896e-01
1.252133995294570923e-01
-1.307007018476724625e-02
-1.469174027442932129e-02
8.562712930142879486e-03
1.115119978785514832e-01
1.391720026731491089e-02
2.506279945373535156e-02
9.838019013404846191e-01
-2.772139906883239746e-01
1.291742026805877686e-01
-7.980911992490291595e-03
-1.456101983785629272e-02
1.133425999432802200e-02
1.081983000040054321e-01
1.929157041013240814e-02
3.306566923856735229e-02
9.883875846862792969e-01
-2.776479125022888184e-01
1.343704015016555786e-01
-1.276399008929729462e-02
-7.670387160032987595e-03
9.463367983698844910e-03
1.297339051961898804e-01
-2.626441977918148041e-02
3.634127974510192871e-02
9.831197857856750488e-01
-2.713086903095245361e-01
1.348222047090530396e-01
-9.868673048913478851e-03
-1.065193023532629013e-02
6.356887053698301315e-03
1.255424022674560547e-01
-4.505760967731475830e-02
5.115753039717674255e-02
9.855486154556274414e-01
-2.748284041881561279e-01
1.339378952980041504e-01
-3.697022097185254097e-03
-8.290854282677173615e-03
-2.158194081857800484e-03
1.564387977123260498e-01
-5.819055065512657166e-02
6.679213792085647583e-02
9.912713766098022461e-01
-2.729923129081726074e-01
1.275461018085479736e-01
4.780646879225969315e-03
-9.688407182693481445e-03
-1.296804007142782211e-02
2.253541052341461182e-01
-4.718178883194923401e-02
5.542619153857231140e-02
9.993174076080322266e-01
-2.749015092849731445e-01
1.187620982527732849e-01
7.929172366857528687e-03
-1.683061942458152771e-02
-1.707780919969081879e-02
2.508850097656250000e-01
-2.253746986389160156e-02
6.188489124178886414e-02
1.002051949501037598e+00
-2.825421988964080811e-01
1.165817975997924805e-01
-5.494434153661131859e-04
-1.101014018058776855e-02
-1.864453032612800598e-02
1.987849026918411255e-01
-3.475333005189895630e-02
6.415937095880508423e-02
9.931758046150207520e-01
-2.772074043750762939e-01
1.168493032455444336e-01
-9.154686122201383114e-04
-4.164070822298526764e-03
-1.777832023799419403e-02
1.253592073917388916e-01
-5.713700875639915466e-02
5.930934101343154907e-02
9.924299120903015137e-01
-2.708342075347900391e-01
1.194555014371871948e-01
-4.986817948520183563e-03
-3.903883043676614761e-04
-1.298545021563768387e-02
1.648560017347335815e-01
-8.610851317644119263e-02
6.241875141859054565e-02
9.879958033561706543e-01
-2.675207853317260742e-01
1.258950978517532349e-01
9.075028821825981140e-03
4.010373959317803383e-04
-5.478133913129568100e-03
2.395853996276855469e-01
-8.256453275680541992e-02
5.518708005547523499e-02
1.001711964607238770e+00
-2.671768069267272949e-01
1.349575966596603394e-01
3.304060921072959900e-02
-3.548095934092998505e-03
-5.577560979872941971e-03
2.614954113960266113e-01
-4.512447863817214966e-02
5.002076923847198486e-02
1.025347948074340820e+00
-2.715603113174438477e-01
1.363237053155899048e-01
1.976332068443298340e-02
4.228145990055054426e-04
-2.641228958964347839e-02
2.646042108535766602e-01
-1.253088004887104034e-02
1.986777037382125854e-02
1.011759042739868164e+00
-2.680104076862335205e-01
1.168667003512382507e-01
1.003891975415172055e-05
5.834974814206361771e-03
-5.088831111788749695e-02
1.547728031873703003e-01
2.887514047324657440e-02
-1.108887977898120880e-02
9.917117953300476074e-01
-2.630059123039245605e-01
9.368240833282470703e-02
-1.713927090167999268e-02
8.276641368865966797e-03
-5.118497833609580994e-02
5.575301870703697205e-02
-1.202823035418987274e-02
2.929220907390117645e-02
9.742867946624755859e-01
-2.609581947326660156e-01
9.459222108125686646e-02
-2.995771914720535278e-02
9.782566688954830170e-03
-3.392995148897171021e-02
9.961310029029846191e-02
-8.323387056589126587e-02
7.741060853004455566e-02
9.612095952033996582e-01
-2.598319947719573975e-01
1.129690036177635193e-01
-9.447973221540451050e-03
4.626487847417593002e-03
-2.500993944704532623e-02
1.211365982890129089e-01
-5.557934939861297607e-02
6.325971335172653198e-02
9.814763069152832031e-01
-2.653532922267913818e-01
1.229270026087760925e-01
5.133523140102624893e-03
5.722015048377215862e-04
-2.620767056941986084e-02
1.118267029523849487e-01
-5.373457819223403931e-02
5.281167849898338318e-02
9.958289265632629395e-01
-2.697579860687255859e-01
1.226852014660835266e-01
-2.512142993509769440e-03
-2.826798940077424049e-03
-2.590339072048664093e-02
1.400530934333801270e-01
-7.757730036973953247e-02
6.801058351993560791e-02
9.879680275917053223e-01
-2.734923958778381348e-01
1.238650977611541748e-01
3.219431964680552483e-03
-5.553185939788818359e-03
-2.380733937025070190e-02
1.644725948572158813e-01
-5.380588024854660034e-02
5.716639012098312378e-02
9.934974908828735352e-01
-2.765395939350128174e-01
1.267586946487426758e-01
1.233012974262237549e-02
-1.470856019295752048e-03
-2.454091049730777740e-02
1.663053035736083984e-01
-5.245377868413925171e-02
5.145664885640144348e-02
1.002418994903564453e+00
-2.727637887001037598e-01
1.267468035221099854e-01
9.279629215598106384e-03
6.650520022958517075e-03
-2.631933055818080902e-02
1.702878028154373169e-01
-6.137387827038764954e-02
5.509623885154724121e-02
9.991921186447143555e-01
-2.649348974227905273e-01
1.256164014339447021e-01
4.929711110889911652e-03
1.864973083138465881e-02
-2.688753046095371246e-02
1.752220988273620605e-01
-9.536354988813400269e-02
4.334361106157302856e-02
9.946786761283874512e-01
-2.532142102718353271e-01
1.256248950958251953e-01
3.953596111387014389e-03
1.553949993103742599e-02
-3.663861006498336792e-02
1.308618038892745972e-01
-1.464495062828063965e-01
5.239830911159515381e-02
9.935517907142639160e-01
-2.565886974334716797e-01
1.163813993334770203e-01
9.214429184794425964e-03
-5.741863860748708248e-04
-4.589335992932319641e-02
7.885597646236419678e-02
-1.261743009090423584e-01
5.970869958400726318e-02
9.986742734909057617e-01
-2.729519009590148926e-01
1.075668036937713623e-01
1.615612953901290894e-02
-3.363691968843340874e-03
-3.844888135790824890e-02
8.249603956937789917e-02
-9.285049140453338623e-02
5.443285033106803894e-02
1.005489945411682129e+00
-2.759762108325958252e-01
1.153860017657279968e-01
1.407940033823251724e-02
-2.115895971655845642e-03
-3.048104979097843170e-02
1.242816001176834106e-01
-8.543486148118972778e-02
5.400872975587844849e-02
1.003299951553344727e+00
-2.749490141868591309e-01
1.236646026372909546e-01
1.310520991683006287e-02
-7.069899002090096474e-04
-2.872717939317226410e-02
1.502590030431747437e-01
-5.160031095147132874e-02
3.629215061664581299e-02
1.002225041389465332e+00
-2.737469971179962158e-01
1.256671994924545288e-01
2.124696038663387299e-02
-2.638898091390728951e-03
-3.071722015738487244e-02
1.114991977810859680e-01
-7.534698117524385452e-03
2.544022910296916962e-02
1.010279059410095215e+00
-2.758724987506866455e-01
1.238662973046302795e-01
2.682344056665897369e-02
-8.448122069239616394e-03
-3.261226043105125427e-02
8.125650882720947266e-02
5.328759178519248962e-02
2.591023035347461700e-02
1.015779972076416016e+00
-2.818627059459686279e-01
1.221027970314025879e-01
3.105437010526657104e-02
-6.134582799859344959e-04
-2.349439077079296112e-02
1.270743012428283691e-01
1.620468944311141968e-01
2.023110911250114441e-02
1.019948959350585938e+00
-2.741971015930175781e-01
1.312970966100692749e-01
3.788606077432632446e-02
7.368118967860937119e-03
-1.450886018574237823e-02
1.533416062593460083e-01
2.622705101966857910e-01
2.509598992764949799e-02
1.026733040809631348e+00
-2.663730084896087646e-01
1.403062939643859863e-01
2.646286971867084503e-02
1.268074009567499161e-02
-1.113464962691068649e-02
9.383708983659744263e-02
2.391559034585952759e-01
3.469740971922874451e-02
1.015277028083801270e+00
-2.612068057060241699e-01
1.436540931463241577e-01
-2.144115045666694641e-02
1.717711985111236572e-02
1.991674071177840233e-03
4.608134925365447998e-02
6.824616342782974243e-02
4.265300184488296509e-02
9.673556089401245117e-01
-2.568455040454864502e-01
1.567070037126541138e-01
-6.056794896721839905e-02
1.149838045239448547e-02
1.866558007895946503e-02
6.791573762893676758e-02
-6.273359805345535278e-02
4.192949086427688599e-02
9.282253980636596680e-01
-2.626476883888244629e-01
1.732641011476516724e-01
-2.472537942230701447e-02
7.789625786244869232e-03
1.349108014255762100e-02
7.672814279794692993e-02
-1.231043972074985504e-02
3.422620892524719238e-02
9.640761017799377441e-01
-2.664682865142822266e-01
1.679331064224243164e-01
2.027213014662265778e-02
1.398329972289502621e-03
1.561356009915471077e-03
6.551381945610046387e-02
4.217049106955528259e-02
3.439686074852943420e-02
1.009091019630432129e+00
-2.729597091674804688e-01
1.558112055063247681e-01
-1.934094005264341831e-03
-2.151349093765020370e-03
7.113016210496425629e-03
7.762952893972396851e-02
-7.754344958811998367e-03
3.170469030737876892e-02
9.869095087051391602e-01
-2.765981853008270264e-01
1.611385941505432129e-01
-8.906712755560874939e-03
3.351337043568491936e-03
6.368915084749460220e-03
7.948160171508789062e-02
-4.051874857395887375e-03
2.958804927766323090e-02
9.799690842628479004e-01
-2.711735069751739502e-01
1.601414978504180908e-01
9.537665173411369324e-03
1.304036006331443787e-03
4.295784980058670044e-03
7.651910185813903809e-02
2.157511003315448761e-02
2.794359996914863586e-02
9.984524846076965332e-01
-2.732884883880615234e-01
1.577894985675811768e-01
-4.331662785261869431e-03
2.976261079311370850e-03
1.394819002598524094e-02
8.409277349710464478e-02
-1.631445065140724182e-02
2.012836933135986328e-02
9.846282005310058594e-01
-2.716741859912872314e-01
1.671403050422668457e-01
-1.863835961557924747e-03
9.296346455812454224e-03
1.318001002073287964e-02
7.813034951686859131e-02
-8.571455255150794983e-03
2.488132007420063019e-02
9.871464967727661133e-01
-2.654025852680206299e-01
1.660505980253219604e-01
4.955075215548276901e-03
1.039830967783927917e-02
1.031928975135087967e-02
7.479345053434371948e-02
1.128579024225473404e-03
2.984227053821086884e-02
9.940209984779357910e-01
-2.643398940563201904e-01
1.628516018390655518e-01
-5.336136091500520706e-03
8.613593876361846924e-03
8.817894384264945984e-03
7.738950848579406738e-02
-1.471269037574529648e-02
2.485802955925464630e-02
9.837896823883056641e-01
-2.661547958850860596e-01
1.609977036714553833e-01
2.000788925215601921e-03
3.315370995551347733e-03
6.969591137021780014e-03
7.086326181888580322e-02
1.036695975926704705e-04
2.724915929138660431e-02
9.911906123161315918e-01
-2.714743018150329590e-01
1.587854027748107910e-01
-1.707518007606267929e-03
5.786912050098180771e-03
9.000443853437900543e-03
7.105643302202224731e-02
-2.072536945343017578e-02
2.984224073588848114e-02
9.875496029853820801e-01
-2.690153121948242188e-01
1.604426950216293335e-01
-6.463497877120971680e-03
8.873128332197666168e-03
4.610269970726221800e-04
7.395437359809875488e-02
-3.153114020824432373e-02
3.252030909061431885e-02
9.828639030456542969e-01
-2.659331858158111572e-01
1.515226066112518311e-01
2.041221014223992825e-04
4.833662882447242737e-03
-2.703228034079074860e-03
7.609897851943969727e-02
-2.152460068464279175e-02
3.893813863396644592e-02
9.896042943000793457e-01
-2.699686884880065918e-01
1.479720026254653931e-01
-3.640010952949523926e-03
5.369818769395351410e-03
3.882275894284248352e-03
8.358246833086013794e-02
-3.710509091615676880e-02
4.084469005465507507e-02
9.858347177505493164e-01
-2.694207131862640381e-01
1.541672945022583008e-01
8.268369128927588463e-05
4.102511797100305557e-03
3.865048987790942192e-03
8.856085687875747681e-02
-3.840858861804008484e-02
4.389335960149765015e-02
9.896333813667297363e-01
-2.706685960292816162e-01
1.537570953369140625e-01
-1.441615051589906216e-03
3.982542082667350769e-03
2.232555067166686058e-03
9.316269308328628540e-02
-5.690905824303627014e-02
4.916343092918395996e-02
9.881861209869384766e-01
-2.707619965076446533e-01
1.517305970191955566e-01
-5.959391128271818161e-03
8.613088168203830719e-03
-2.988083986565470695e-03
9.197121113538742065e-02
-7.130990177392959595e-02
5.735395103693008423e-02
9.837459921836853027e-01
-2.660981118679046631e-01
1.461160033941268921e-01
3.439890861045569181e-04
8.008383214473724365e-03
-5.690781865268945694e-03
9.011452645063400269e-02
-7.226133346557617188e-02
6.895519047975540161e-02
9.901273250579833984e-01
-2.666628062725067139e-01
1.430204063653945923e-01
5.579952266998589039e-04
7.644962985068559647e-03
-4.712450783699750900e-03
9.470479190349578857e-02
-8.710736781358718872e-02
7.450617849826812744e-02
9.904190897941589355e-01
-2.669799029827117920e-01
1.436078995466232300e-01
2.381426980718970299e-03
7.352447137236595154e-03
-3.658697009086608887e-03
9.523425251245498657e-02
-8.503855019807815552e-02
7.518719136714935303e-02
9.923201203346252441e-01
-2.672199010848999023e-01
1.442734003067016602e-01
1.827785046771168709e-03
5.151153076440095901e-03
2.027469919994473457e-03
9.933512657880783081e-02
-9.146661311388015747e-02
7.559061795473098755e-02
9.918435811996459961e-01
-2.693625986576080322e-01
1.495745927095413208e-01
-1.456066034734249115e-03
4.069637041538953781e-03
3.147179959341883659e-03
1.005491986870765686e-01
-9.276086091995239258e-02
7.802341133356094360e-02
9.886363148689270020e-01
-2.703799009323120117e-01
1.503134965896606445e-01
-2.000597014557570219e-04
1.316986046731472015e-03
3.176399972289800644e-03
9.031069278717041016e-02
-8.774293214082717896e-02
8.137387037277221680e-02
9.899681806564331055e-01
-2.730630040168762207e-01
1.499668061733245850e-01
-5.704137729480862617e-04
1.404172042384743690e-03
4.009501077234745026e-03
8.172559738159179688e-02
-9.798952192068099976e-02
8.231464028358459473e-02
9.896728992462158203e-01
-2.729012966156005859e-01
1.504296958446502686e-01
2.604942070320248604e-03
2.010860014706850052e-03
2.885342109948396683e-03
7.961054146289825439e-02
-9.255883842706680298e-02
8.232813328504562378e-02
9.929223060607910156e-01
-2.722156941890716553e-01
1.489419937133789062e-01
2.643618965521454811e-03
3.024106990778818727e-05
4.276547115296125412e-03
8.665561676025390625e-02
-8.942823112010955811e-02
7.839767634868621826e-02
9.930338859558105469e-01
-2.741133868694305420e-01
1.499768048524856567e-01
1.597029040567576885e-03
2.204450080171227455e-03
2.609942108392715454e-03
9.785184264183044434e-02
-8.913458883762359619e-02
7.411614060401916504e-02
9.920591711997985840e-01
-2.718527913093566895e-01
1.479617953300476074e-01
3.817782038822770119e-03
3.984577953815460205e-03
3.378109075129032135e-03
1.142681017518043518e-01
-9.601730853319168091e-02
7.358875125646591187e-02
9.943506717681884766e-01
-2.699831128120422363e-01
1.483899056911468506e-01
1.647974946536123753e-03
1.534505048766732216e-03
6.166310049593448639e-03
1.348544955253601074e-01
-1.173069030046463013e-01
7.423620671033859253e-02
9.922506213188171387e-01
-2.723408937454223633e-01
1.508468985557556152e-01
2.943221013993024826e-03
-6.953615229576826096e-04
6.370511837303638458e-03
1.467033028602600098e-01
-1.166540980339050293e-01
7.611644268035888672e-02
9.936144948005676270e-01
-2.744759917259216309e-01
1.507295072078704834e-01
5.581637844443321228e-03
-1.548710046336054802e-03
8.494816720485687256e-03
1.573439985513687134e-01
-1.090416982769966125e-01
6.959124654531478882e-02
9.963204860687255859e-01
-2.752326130867004395e-01
1.525419950485229492e-01
6.256702821701765060e-03
2.692092093639075756e-04
7.704068906605243683e-03
1.594032943248748779e-01
-1.068862006068229675e-01
6.124379858374595642e-02
9.970623254776000977e-01
-2.733162939548492432e-01
1.514499932527542114e-01
5.168975796550512314e-03
5.772397853434085846e-03
1.029521971940994263e-02
1.463900059461593628e-01
-1.060018017888069153e-01
6.429968029260635376e-02
9.960405230522155762e-01
-2.677134871482849121e-01
1.537508070468902588e-01
-2.521232003346085548e-03
1.286675967276096344e-02
1.547842007130384445e-02
1.370408982038497925e-01
-1.115465983748435974e-01
6.302697956562042236e-02
9.884157180786132812e-01
-2.605184912681579590e-01
1.586551070213317871e-01
-6.362606771290302277e-03
1.700535044074058533e-02
1.512833964079618454e-02
1.215780004858970642e-01
-1.148094013333320618e-01
5.823653936386108398e-02
9.846389293670654297e-01
-2.562780976295471191e-01
1.580380946397781372e-01
-2.496612956747412682e-03
1.632542908191680908e-02
1.606208086013793945e-02
1.008671969175338745e-01
-1.183035001158714294e-01
6.275588274002075195e-02
9.885686039924621582e-01
-2.568547129631042480e-01
1.587177067995071411e-01
2.455268055200576782e-03
1.485574990510940552e-02
1.629710011184215546e-02
9.018996357917785645e-02
-1.127995029091835022e-01
6.526170670986175537e-02
9.935827851295471191e-01
-2.582192122936248779e-01
1.587117016315460205e-01
4.423559177666902542e-03
1.457588002085685730e-02
1.742235012352466583e-02
7.166309654712677002e-02
-1.033691018819808960e-01
6.121978163719177246e-02
9.956120848655700684e-01
-2.583914101123809814e-01
1.596097052097320557e-01
2.110227011144161224e-03
1.475636009126901627e-02
1.984651945531368256e-02
4.839067161083221436e-02
-1.066588982939720154e-01
5.965005978941917419e-02
9.933584928512573242e-01
-2.581006884574890137e-01
1.618209034204483032e-01
-5.587891209870576859e-04
1.629761047661304474e-02
1.635543070733547211e-02
3.545333817601203918e-02
-1.079818978905677795e-01
6.203801929950714111e-02
9.907479882240295410e-01
-2.564463913440704346e-01
1.581315994262695312e-01
-2.944247098639607430e-03
1.676169037818908691e-02
1.351645030081272125e-02
2.698072977364063263e-02
-1.066315993666648865e-01
6.414125114679336548e-02
9.884197115898132324e-01
-2.558659911155700684e-01
1.551094949245452881e-01
-1.246899017132818699e-03
1.238279975950717926e-02
1.192076969891786575e-02
2.312703058123588562e-02
-1.082753986120223999e-01
6.451919674873352051e-02
9.901729226112365723e-01
-2.601251006126403809e-01
1.533461064100265503e-01
2.848254982382059097e-03
6.816061213612556458e-03
8.016595616936683655e-03
1.809681020677089691e-02
-1.083083972334861755e-01
6.412947922945022583e-02
9.943224191665649414e-01
-2.655684053897857666e-01
1.492895036935806274e-01
2.354558091610670090e-03
4.847081843763589859e-03
6.265668198466300964e-03
1.428405009210109711e-02
-1.084050983190536499e-01
6.224941834807395935e-02
9.938815832138061523e-01
-2.674106061458587646e-01
1.474011987447738647e-01
2.720985095947980881e-03
3.337471978738903999e-03
5.891816224902868271e-03
1.765359938144683838e-02
-1.031778007745742798e-01
5.680045858025550842e-02
9.942994117736816406e-01
-2.687900960445404053e-01
1.469047963619232178e-01
3.255289979279041290e-03
2.415698952972888947e-03
4.356734920293092728e-03
1.576541922986507416e-02
-9.347421675920486450e-02
4.912021011114120483e-02
9.948837161064147949e-01
-2.695789039134979248e-01
1.452614963054656982e-01
1.301079988479614258e-03
7.363381795585155487e-03
3.093637060374021530e-03
7.846531458199024200e-03
-8.565577864646911621e-02
4.176193848252296448e-02
9.929782748222351074e-01
-2.644957900047302246e-01
1.439041048288345337e-01
1.291510998271405697e-03
1.173502020537853241e-02
3.665586933493614197e-03
-5.055855959653854370e-03
-7.734212279319763184e-02
3.225786983966827393e-02
9.930164217948913574e-01
-2.599864900112152100e-01
1.443950980901718140e-01
1.469996990635991096e-03
9.517413564026355743e-03
4.041945096105337143e-03
-2.043193951249122620e-02
-7.297299802303314209e-02
2.700847946107387543e-02
9.932414293289184570e-01
-2.620643079280853271e-01
1.447032988071441650e-01
2.573841018602252007e-03
7.305068895220756531e-03
4.888435825705528259e-03
-2.999741025269031525e-02
-7.064875215291976929e-02
3.054608963429927826e-02
9.943906068801879883e-01
-2.641347944736480713e-01
1.454938948154449463e-01
